Centroid:0 = [0.7325,0.7327,0.627 ,0.3817,0.3633,0.4045,0.3046,0.4839]
Cluster:0 Size = 75 SSE = 4.045
Cluster:0 contains: [6, 7, 9, 22, 24, 25, 26, 27, 28, 29, 30, 36, 38, 41, 49, 66, 67, 70, 73, 74, 75, 76, 77, 78, 79, 80, 82, 84, 85, 86, 87, 89, 90, 91, 92, 93, 101, 102, 104, 105, 106, 118, 122, 130, 140, 141, 143, 150, 151, 152, 153, 154, 156, 158, 159, 160, 161, 162, 172, 179, 180, 182, 183, 185, 186, 187, 188, 189, 190, 191, 192, 194, 195, 198, 199]
Centroid:1 = [0.3704,0.3519,0.2686,0.0926,0.0935,0.094 ,0.0792,0.218 ]
Cluster:1 Size = 34 SSE = 0.661
Cluster:1 contains: [1, 4, 5, 16, 18, 19, 20, 21, 39, 45, 48, 51, 54, 63, 71, 100, 112, 113, 119, 121, 123, 124, 126, 127, 132, 133, 135, 136, 137, 138, 139, 175, 177, 193]
Centroid:2 = [0.9035,0.905 ,0.7774,0.6579,0.5767,0.6193,0.5893,0.7279]
Cluster:2 Size = 24 SSE = 3.212
Cluster:2 contains: [31, 32, 33, 34, 72, 81, 83, 94, 95, 128, 129, 142, 157, 163, 164, 165, 166, 167, 168, 169, 170, 181, 184, 197]
Centroid:3 = [0.5692,0.5628,0.4376,0.211 ,0.2113,0.2248,0.1659,0.317 ]
Cluster:3 Size = 54 SSE = 1.545
Cluster:3 contains: [0, 2, 3, 8, 10, 11, 12, 13, 14, 15, 17, 23, 35, 37, 40, 46, 47, 50, 52, 53, 55, 56, 57, 59, 60, 61, 62, 64, 65, 68, 88, 96, 97, 98, 99, 103, 107, 108, 109, 110, 111, 114, 115, 116, 117, 120, 131, 144, 145, 146, 155, 171, 173, 196]
Centroid:4 = [0.1296,0.1037,0.1053,0.0177,0.0211,0.0272,0.0135,0.0724]
Cluster:4 Size = 13 SSE = 0.319
Cluster:4 contains: [42, 43, 44, 58, 69, 125, 134, 147, 148, 149, 174, 176, 178]
SSE: 9.783
